100 -4.5000
-4.5000
-3.5000
-2.5000
-1.5000
-0.5000
0.5000
1.5000
2.5000
3.5000
4.5000
-4.5000
-3.5000
-2.5000
-1.5000
-0.5000
0.5000
1.5000
2.5000
3.5000
4.5000
-4.5000
-3.5000
-2.5000
-1.5000
-0.5000
0.5000
1.5000
2.5000
3.5000
4.5000
-4.5000
-3.5000
-2.5000
-1.5000
-0.5000
0.5000
1.5000
2.5000
3.5000
4.5000
-4.5000
-3.5000
-2.5000
-1.5000
-0.5000
0.5000
1.5000
2.5000
3.5000
4.5000
-4.5000
-3.5000
-2.5000
-1.5000
-0.5000
0.5000
1.5000
2.5000
3.5000
4.5000
-4.5000
-3.5000
-2.5000
-1.5000
-0.5000
0.5000
1.5000
2.5000
3.5000
4.5000
-4.5000
-3.5000
-2.5000
-1.5000
-0.5000
0.5000
1.5000
2.5000
3.5000
4.5000
-4.5000
-3.5000
-2.5000
-1.5000
-0.5000
0.5000
1.5000
2.5000
3.5000
4.5000
-4.5000
-3.5000
-2.5000
-1.5000
-0.5000
0.5000
1.5000
2.5000
3.5000
4.5000
