500 -518.2540
-157.2540
-215.2540
104.7460
300.7460
-380.2540
-491.2540
-185.2540
313.7460
214.7460
240.7460
-367.2540
33.7460
385.7460
-451.2540
-241.2540
432.7460
-205.2540
-209.2540
268.7460
432.7460
474.7460
33.7460
-90.2540
-478.2540
-0.2540
77.7460
-293.2540
-285.2540
-267.2540
-444.2540
-185.2540
246.7460
117.7460
308.7460
137.7460
-460.2540
-159.2540
468.7460
48.7460
-359.2540
-399.2540
-106.2540
203.7460
-406.2540
407.7460
141.7460
-382.2540
371.7460
-199.2540
-214.2540
163.7460
-515.2540
-18.2540
-207.2540
-142.2540
153.7460
47.7460
42.7460
-331.2540
-375.2540
-484.2540
474.7460
-27.2540
-426.2540
348.7460
-318.2540
-517.2540
366.7460
62.7460
355.7460
-291.2540
435.7460
-371.2540
-246.2540
4.7460
-378.2540
-128.2540
-409.2540
424.7460
-288.2540
-125.2540
413.7460
-222.2540
136.7460
248.7460
111.7460
177.7460
-477.2540
-265.2540
119.7460
140.7460
-114.2540
294.7460
350.7460
210.7460
5.7460
-252.2540
455.7460
428.7460
-369.2540
-216.2540
-413.2540
-50.2540
-397.2540
-43.2540
-341.2540
-282.2540
222.7460
325.7460
-232.2540
345.7460
243.7460
-170.2540
222.7460
-322.2540
434.7460
297.7460
456.7460
-490.2540
335.7460
124.7460
-44.2540
-338.2540
150.7460
-162.2540
-64.2540
-184.2540
137.7460
379.7460
-440.2540
-183.2540
473.7460
129.7460
-268.2540
479.7460
276.7460
-378.2540
476.7460
51.7460
334.7460
412.7460
-413.2540
-368.2540
-241.2540
-7.2540
447.7460
456.7460
124.7460
254.7460
-157.2540
29.7460
365.7460
255.7460
-436.2540
245.7460
16.7460
344.7460
73.7460
335.7460
249.7460
259.7460
442.7460
433.7460
-93.2540
-491.2540
458.7460
-460.2540
-131.2540
-318.2540
61.7460
89.7460
9.7460
390.7460
184.7460
295.7460
63.7460
3.7460
21.7460
431.7460
-149.2540
0.7460
37.7460
-245.2540
-193.2540
-54.2540
-395.2540
-425.2540
158.7460
-48.2540
347.7460
-48.2540
200.7460
-323.2540
50.7460
-509.2540
-35.2540
-113.2540
95.7460
302.7460
-61.2540
-416.2540
293.7460
-418.2540
-290.2540
412.7460
-220.2540
387.7460
209.7460
433.7460
-465.2540
409.7460
359.7460
-141.2540
24.7460
-206.2540
-337.2540
114.7460
-360.2540
385.7460
103.7460
-308.2540
-328.2540
-443.2540
-420.2540
126.7460
-239.2540
-277.2540
11.7460
218.7460
-198.2540
55.7460
303.7460
-185.2540
-248.2540
-374.2540
-481.2540
444.7460
-208.2540
-152.2540
111.7460
343.7460
-309.2540
-287.2540
11.7460
153.7460
-163.2540
-12.2540
-409.2540
325.7460
-485.2540
37.7460
283.7460
18.7460
-387.2540
479.7460
-304.2540
-91.2540
-16.2540
81.7460
-140.2540
64.7460
200.7460
463.7460
390.7460
-402.2540
425.7460
-16.2540
208.7460
100.7460
11.7460
-396.2540
141.7460
-398.2540
-209.2540
-82.2540
69.7460
-473.2540
-216.2540
28.7460
-338.2540
-511.2540
-111.2540
150.7460
-12.2540
-234.2540
-158.2540
-247.2540
-94.2540
-119.2540
178.7460
-472.2540
264.7460
305.7460
-360.2540
50.7460
-109.2540
-160.2540
457.7460
-263.2540
-254.2540
-495.2540
472.7460
24.7460
11.7460
313.7460
-271.2540
-56.2540
392.7460
-168.2540
6.7460
-345.2540
-502.2540
-338.2540
-291.2540
76.7460
105.7460
302.7460
363.7460
232.7460
-46.2540
473.7460
258.7460
24.7460
215.7460
-235.2540
250.7460
-109.2540
218.7460
259.7460
-238.2540
152.7460
299.7460
-306.2540
31.7460
179.7460
460.7460
197.7460
-114.2540
-97.2540
-297.2540
471.7460
255.7460
-202.2540
-60.2540
106.7460
-487.2540
-404.2540
172.7460
-135.2540
-291.2540
331.7460
-351.2540
106.7460
-71.2540
-454.2540
-34.2540
-122.2540
-120.2540
462.7460
-440.2540
-487.2540
-255.2540
19.7460
-352.2540
-183.2540
-510.2540
261.7460
-97.2540
306.7460
382.7460
-119.2540
-381.2540
-144.2540
401.7460
-355.2540
60.7460
415.7460
-483.2540
-219.2540
377.7460
-419.2540
43.7460
-162.2540
67.7460
23.7460
359.7460
-244.2540
262.7460
-391.2540
422.7460
28.7460
-69.2540
-172.2540
97.7460
331.7460
464.7460
-308.2540
-183.2540
-174.2540
346.7460
141.7460
-127.2540
-79.2540
238.7460
444.7460
476.7460
-22.2540
-267.2540
447.7460
203.7460
434.7460
-172.2540
373.7460
75.7460
228.7460
-266.2540
-468.2540
-352.2540
274.7460
276.7460
120.7460
464.7460
-436.2540
141.7460
-88.2540
-6.2540
-323.2540
-394.2540
-132.2540
92.7460
-97.2540
-356.2540
131.7460
-435.2540
150.7460
410.7460
165.7460
156.7460
463.7460
350.7460
115.7460
313.7460
-206.2540
322.7460
426.7460
411.7460
-316.2540
249.7460
87.7460
7.7460
-320.2540
-161.2540
197.7460
-143.2540
-49.2540
210.7460
201.7460
403.7460
-442.2540
91.7460
-285.2540
448.7460
253.7460
379.7460
305.7460
131.7460
-119.2540
-372.2540
-80.2540
-120.2540
87.7460
416.7460
-136.2540
455.7460
146.7460
199.7460
-200.2540
-61.2540
211.7460
-500.2540
453.7460
233.7460
-511.2540
161.7460
156.7460
75.7460
248.7460
28.7460
142.7460
395.7460
-22.2540
116.7460
190.7460
205.7460
-211.2540
122.7460
78.7460
-410.2540
105.7460
-114.2540
