100 0.1111
0.0000
0.1111
0.2222
0.3333
0.4444
0.5556
0.6667
0.7778
0.8889
1.0000
0.0000
0.1111
0.2222
0.3333
0.4444
0.5556
0.6667
0.7778
0.8889
1.0000
0.0000
0.1111
0.2222
0.3333
0.4444
0.5556
0.6667
0.7778
0.8889
1.0000
0.0000
0.1111
0.2222
0.3333
0.4444
0.5556
0.6667
0.7778
0.8889
1.0000
0.0000
0.1111
0.2222
0.3333
0.4444
0.5556
0.6667
0.7778
0.8889
1.0000
0.0000
0.1111
0.2222
0.3333
0.4444
0.5556
0.6667
0.7778
0.8889
1.0000
0.0000
0.1111
0.2222
0.3333
0.4444
0.5556
0.6667
0.7778
0.8889
1.0000
0.0000
0.1111
0.2222
0.3333
0.4444
0.5556
0.6667
0.7778
0.8889
1.0000
0.0000
0.1111
0.2222
0.3333
0.4444
0.5556
0.6667
0.7778
0.8889
1.0000
0.0000
0.1111
0.2222
0.3333
0.4444
0.5556
0.6667
0.7778
0.8889
1.0000
