500 0.0010
0.3610
0.3030
0.6230
0.8190
0.1380
0.0270
0.3330
0.8320
0.7330
0.7590
0.1510
0.5520
0.9040
0.0670
0.2770
0.9510
0.3130
0.3090
0.7870
0.9510
0.9930
0.5520
0.4280
0.0400
0.5180
0.5960
0.2250
0.2330
0.2510
0.0740
0.3330
0.7650
0.6360
0.8270
0.6560
0.0580
0.3590
0.9870
0.5670
0.1590
0.1190
0.4120
0.7220
0.1120
0.9260
0.6600
0.1360
0.8900
0.3190
0.3040
0.6820
0.0030
0.5000
0.3110
0.3760
0.6720
0.5660
0.5610
0.1870
0.1430
0.0340
0.9930
0.4910
0.0920
0.8670
0.2000
0.0010
0.8850
0.5810
0.8740
0.2270
0.9540
0.1470
0.2720
0.5230
0.1400
0.3900
0.1090
0.9430
0.2300
0.3930
0.9320
0.2960
0.6550
0.7670
0.6300
0.6960
0.0410
0.2530
0.6380
0.6590
0.4040
0.8130
0.8690
0.7290
0.5240
0.2660
0.9740
0.9470
0.1490
0.3020
0.1050
0.4680
0.1210
0.4750
0.1770
0.2360
0.7410
0.8440
0.2860
0.8640
0.7620
0.3480
0.7410
0.1960
0.9530
0.8160
0.9750
0.0280
0.8540
0.6430
0.4740
0.1800
0.6690
0.3560
0.4540
0.3340
0.6560
0.8980
0.0780
0.3350
0.9920
0.6480
0.2500
0.9980
0.7950
0.1400
0.9950
0.5700
0.8530
0.9310
0.1050
0.1500
0.2770
0.5110
0.9660
0.9750
0.6430
0.7730
0.3610
0.5480
0.8840
0.7740
0.0820
0.7640
0.5350
0.8630
0.5920
0.8540
0.7680
0.7780
0.9610
0.9520
0.4250
0.0270
0.9770
0.0580
0.3870
0.2000
0.5800
0.6080
0.5280
0.9090
0.7030
0.8140
0.5820
0.5220
0.5400
0.9500
0.3690
0.5190
0.5560
0.2730
0.3250
0.4640
0.1230
0.0930
0.6770
0.4700
0.8660
0.4700
0.7190
0.1950
0.5690
0.0090
0.4830
0.4050
0.6140
0.8210
0.4570
0.1020
0.8120
0.1000
0.2280
0.9310
0.2980
0.9060
0.7280
0.9520
0.0530
0.9280
0.8780
0.3770
0.5430
0.3120
0.1810
0.6330
0.1580
0.9040
0.6220
0.2100
0.1900
0.0750
0.0980
0.6450
0.2790
0.2410
0.5300
0.7370
0.3200
0.5740
0.8220
0.3330
0.2700
0.1440
0.0370
0.9630
0.3100
0.3660
0.6300
0.8620
0.2090
0.2310
0.5300
0.6720
0.3550
0.5060
0.1090
0.8440
0.0330
0.5560
0.8020
0.5370
0.1310
0.9980
0.2140
0.4270
0.5020
0.6000
0.3780
0.5830
0.7190
0.9820
0.9090
0.1160
0.9440
0.5020
0.7270
0.6190
0.5300
0.1220
0.6600
0.1200
0.3090
0.4360
0.5880
0.0450
0.3020
0.5470
0.1800
0.0070
0.4070
0.6690
0.5060
0.2840
0.3600
0.2710
0.4240
0.3990
0.6970
0.0460
0.7830
0.8240
0.1580
0.5690
0.4090
0.3580
0.9760
0.2550
0.2640
0.0230
0.9910
0.5430
0.5300
0.8320
0.2470
0.4620
0.9110
0.3500
0.5250
0.1730
0.0160
0.1800
0.2270
0.5950
0.6240
0.8210
0.8820
0.7510
0.4720
0.9920
0.7770
0.5430
0.7340
0.2830
0.7690
0.4090
0.7370
0.7780
0.2800
0.6710
0.8180
0.2120
0.5500
0.6980
0.9790
0.7160
0.4040
0.4210
0.2210
0.9900
0.7740
0.3160
0.4580
0.6250
0.0310
0.1140
0.6910
0.3830
0.2270
0.8500
0.1670
0.6250
0.4470
0.0640
0.4840
0.3960
0.3980
0.9810
0.0780
0.0310
0.2630
0.5380
0.1660
0.3350
0.0080
0.7800
0.4210
0.8250
0.9010
0.3990
0.1370
0.3740
0.9200
0.1630
0.5790
0.9340
0.0350
0.2990
0.8960
0.0990
0.5620
0.3560
0.5860
0.5420
0.8780
0.2740
0.7810
0.1270
0.9410
0.5470
0.4490
0.3460
0.6160
0.8500
0.9830
0.2100
0.3350
0.3440
0.8650
0.6600
0.3910
0.4390
0.7570
0.9630
0.9950
0.4960
0.2510
0.9660
0.7220
0.9530
0.3460
0.8920
0.5940
0.7470
0.2520
0.0500
0.1660
0.7930
0.7950
0.6390
0.9830
0.0820
0.6600
0.4300
0.5120
0.1950
0.1240
0.3860
0.6110
0.4210
0.1620
0.6500
0.0830
0.6690
0.9290
0.6840
0.6750
0.9820
0.8690
0.6340
0.8320
0.3120
0.8410
0.9450
0.9300
0.2020
0.7680
0.6060
0.5260
0.1980
0.3570
0.7160
0.3750
0.4690
0.7290
0.7200
0.9220
0.0760
0.6100
0.2330
0.9670
0.7720
0.8980
0.8240
0.6500
0.3990
0.1460
0.4380
0.3980
0.6060
0.9350
0.3820
0.9740
0.6650
0.7180
0.3180
0.4570
0.7300
0.0180
0.9720
0.7520
0.0070
0.6800
0.6750
0.5940
0.7670
0.5470
0.6610
0.9140
0.4960
0.6350
0.7090
0.7240
0.3070
0.6410
0.5970
0.1080
0.6240
0.4040
