500 1.0000
362.0000
304.0000
624.0000
820.0000
139.0000
28.0000
334.0000
833.0000
734.0000
760.0000
152.0000
553.0000
905.0000
68.0000
278.0000
952.0000
314.0000
310.0000
788.0000
952.0000
994.0000
553.0000
429.0000
41.0000
519.0000
597.0000
226.0000
234.0000
252.0000
75.0000
334.0000
766.0000
637.0000
828.0000
657.0000
59.0000
360.0000
988.0000
568.0000
160.0000
120.0000
413.0000
723.0000
113.0000
927.0000
661.0000
137.0000
891.0000
320.0000
305.0000
683.0000
4.0000
501.0000
312.0000
377.0000
673.0000
567.0000
562.0000
188.0000
144.0000
35.0000
994.0000
492.0000
93.0000
868.0000
201.0000
2.0000
886.0000
582.0000
875.0000
228.0000
955.0000
148.0000
273.0000
524.0000
141.0000
391.0000
110.0000
944.0000
231.0000
394.0000
933.0000
297.0000
656.0000
768.0000
631.0000
697.0000
42.0000
254.0000
639.0000
660.0000
405.0000
814.0000
870.0000
730.0000
525.0000
267.0000
975.0000
948.0000
150.0000
303.0000
106.0000
469.0000
122.0000
476.0000
178.0000
237.0000
742.0000
845.0000
287.0000
865.0000
763.0000
349.0000
742.0000
197.0000
954.0000
817.0000
976.0000
29.0000
855.0000
644.0000
475.0000
181.0000
670.0000
357.0000
455.0000
335.0000
657.0000
899.0000
79.0000
336.0000
993.0000
649.0000
251.0000
999.0000
796.0000
141.0000
996.0000
571.0000
854.0000
932.0000
106.0000
151.0000
278.0000
512.0000
967.0000
976.0000
644.0000
774.0000
362.0000
549.0000
885.0000
775.0000
83.0000
765.0000
536.0000
864.0000
593.0000
855.0000
769.0000
779.0000
962.0000
953.0000
426.0000
28.0000
978.0000
59.0000
388.0000
201.0000
581.0000
609.0000
529.0000
910.0000
704.0000
815.0000
583.0000
523.0000
541.0000
951.0000
370.0000
520.0000
557.0000
274.0000
326.0000
465.0000
124.0000
94.0000
678.0000
471.0000
867.0000
471.0000
720.0000
196.0000
570.0000
10.0000
484.0000
406.0000
615.0000
822.0000
458.0000
103.0000
813.0000
101.0000
229.0000
932.0000
299.0000
907.0000
729.0000
953.0000
54.0000
929.0000
879.0000
378.0000
544.0000
313.0000
182.0000
634.0000
159.0000
905.0000
623.0000
211.0000
191.0000
76.0000
99.0000
646.0000
280.0000
242.0000
531.0000
738.0000
321.0000
575.0000
823.0000
334.0000
271.0000
145.0000
38.0000
964.0000
311.0000
367.0000
631.0000
863.0000
210.0000
232.0000
531.0000
673.0000
356.0000
507.0000
110.0000
845.0000
34.0000
557.0000
803.0000
538.0000
132.0000
999.0000
215.0000
428.0000
503.0000
601.0000
379.0000
584.0000
720.0000
983.0000
910.0000
117.0000
945.0000
503.0000
728.0000
620.0000
531.0000
123.0000
661.0000
121.0000
310.0000
437.0000
589.0000
46.0000
303.0000
548.0000
181.0000
8.0000
408.0000
670.0000
507.0000
285.0000
361.0000
272.0000
425.0000
400.0000
698.0000
47.0000
784.0000
825.0000
159.0000
570.0000
410.0000
359.0000
977.0000
256.0000
265.0000
24.0000
992.0000
544.0000
531.0000
833.0000
248.0000
463.0000
912.0000
351.0000
526.0000
174.0000
17.0000
181.0000
228.0000
596.0000
625.0000
822.0000
883.0000
752.0000
473.0000
993.0000
778.0000
544.0000
735.0000
284.0000
770.0000
410.0000
738.0000
779.0000
281.0000
672.0000
819.0000
213.0000
551.0000
699.0000
980.0000
717.0000
405.0000
422.0000
222.0000
991.0000
775.0000
317.0000
459.0000
626.0000
32.0000
115.0000
692.0000
384.0000
228.0000
851.0000
168.0000
626.0000
448.0000
65.0000
485.0000
397.0000
399.0000
982.0000
79.0000
32.0000
264.0000
539.0000
167.0000
336.0000
9.0000
781.0000
422.0000
826.0000
902.0000
400.0000
138.0000
375.0000
921.0000
164.0000
580.0000
935.0000
36.0000
300.0000
897.0000
100.0000
563.0000
357.0000
587.0000
543.0000
879.0000
275.0000
782.0000
128.0000
942.0000
548.0000
450.0000
347.0000
617.0000
851.0000
984.0000
211.0000
336.0000
345.0000
866.0000
661.0000
392.0000
440.0000
758.0000
964.0000
996.0000
497.0000
252.0000
967.0000
723.0000
954.0000
347.0000
893.0000
595.0000
748.0000
253.0000
51.0000
167.0000
794.0000
796.0000
640.0000
984.0000
83.0000
661.0000
431.0000
513.0000
196.0000
125.0000
387.0000
612.0000
422.0000
163.0000
651.0000
84.0000
670.0000
930.0000
685.0000
676.0000
983.0000
870.0000
635.0000
833.0000
313.0000
842.0000
946.0000
931.0000
203.0000
769.0000
607.0000
527.0000
199.0000
358.0000
717.0000
376.0000
470.0000
730.0000
721.0000
923.0000
77.0000
611.0000
234.0000
968.0000
773.0000
899.0000
825.0000
651.0000
400.0000
147.0000
439.0000
399.0000
607.0000
936.0000
383.0000
975.0000
666.0000
719.0000
319.0000
458.0000
731.0000
19.0000
973.0000
753.0000
8.0000
681.0000
676.0000
595.0000
768.0000
548.0000
662.0000
915.0000
497.0000
636.0000
710.0000
725.0000
308.0000
642.0000
598.0000
109.0000
625.0000
405.0000
