500 1.0000
361.0000
303.0000
623.0000
819.0000
138.0000
27.0000
333.0000
832.0000
733.0000
759.0000
151.0000
552.0000
904.0000
67.0000
277.0000
951.0000
313.0000
309.0000
787.0000
951.0000
993.0000
552.0000
428.0000
40.0000
518.0000
596.0000
225.0000
233.0000
251.0000
74.0000
333.0000
765.0000
636.0000
827.0000
656.0000
58.0000
359.0000
987.0000
567.0000
159.0000
119.0000
412.0000
722.0000
112.0000
926.0000
660.0000
136.0000
890.0000
319.0000
304.0000
682.0000
3.0000
500.0000
311.0000
376.0000
672.0000
566.0000
561.0000
187.0000
143.0000
34.0000
993.0000
491.0000
92.0000
867.0000
200.0000
1.0000
885.0000
581.0000
874.0000
227.0000
954.0000
147.0000
272.0000
523.0000
140.0000
390.0000
109.0000
943.0000
230.0000
393.0000
932.0000
296.0000
655.0000
767.0000
630.0000
696.0000
41.0000
253.0000
638.0000
659.0000
404.0000
813.0000
869.0000
729.0000
524.0000
266.0000
974.0000
947.0000
149.0000
302.0000
105.0000
468.0000
121.0000
475.0000
177.0000
236.0000
741.0000
844.0000
286.0000
864.0000
762.0000
348.0000
741.0000
196.0000
953.0000
816.0000
975.0000
28.0000
854.0000
643.0000
474.0000
180.0000
669.0000
356.0000
454.0000
334.0000
656.0000
898.0000
78.0000
335.0000
992.0000
648.0000
250.0000
998.0000
795.0000
140.0000
995.0000
570.0000
853.0000
931.0000
105.0000
150.0000
277.0000
511.0000
966.0000
975.0000
643.0000
773.0000
361.0000
548.0000
884.0000
774.0000
82.0000
764.0000
535.0000
863.0000
592.0000
854.0000
768.0000
778.0000
961.0000
952.0000
425.0000
27.0000
977.0000
58.0000
387.0000
200.0000
580.0000
608.0000
528.0000
909.0000
703.0000
814.0000
582.0000
522.0000
540.0000
950.0000
369.0000
519.0000
556.0000
273.0000
325.0000
464.0000
123.0000
93.0000
677.0000
470.0000
866.0000
470.0000
719.0000
195.0000
569.0000
9.0000
483.0000
405.0000
614.0000
821.0000
457.0000
102.0000
812.0000
100.0000
228.0000
931.0000
298.0000
906.0000
728.0000
952.0000
53.0000
928.0000
878.0000
377.0000
543.0000
312.0000
181.0000
633.0000
158.0000
904.0000
622.0000
210.0000
190.0000
75.0000
98.0000
645.0000
279.0000
241.0000
530.0000
737.0000
320.0000
574.0000
822.0000
333.0000
270.0000
144.0000
37.0000
963.0000
310.0000
366.0000
630.0000
862.0000
209.0000
231.0000
530.0000
672.0000
355.0000
506.0000
109.0000
844.0000
33.0000
556.0000
802.0000
537.0000
131.0000
998.0000
214.0000
427.0000
502.0000
600.0000
378.0000
583.0000
719.0000
982.0000
909.0000
116.0000
944.0000
502.0000
727.0000
619.0000
530.0000
122.0000
660.0000
120.0000
309.0000
436.0000
588.0000
45.0000
302.0000
547.0000
180.0000
7.0000
407.0000
669.0000
506.0000
284.0000
360.0000
271.0000
424.0000
399.0000
697.0000
46.0000
783.0000
824.0000
158.0000
569.0000
409.0000
358.0000
976.0000
255.0000
264.0000
23.0000
991.0000
543.0000
530.0000
832.0000
247.0000
462.0000
911.0000
350.0000
525.0000
173.0000
16.0000
180.0000
227.0000
595.0000
624.0000
821.0000
882.0000
751.0000
472.0000
992.0000
777.0000
543.0000
734.0000
283.0000
769.0000
409.0000
737.0000
778.0000
280.0000
671.0000
818.0000
212.0000
550.0000
698.0000
979.0000
716.0000
404.0000
421.0000
221.0000
990.0000
774.0000
316.0000
458.0000
625.0000
31.0000
114.0000
691.0000
383.0000
227.0000
850.0000
167.0000
625.0000
447.0000
64.0000
484.0000
396.0000
398.0000
981.0000
78.0000
31.0000
263.0000
538.0000
166.0000
335.0000
8.0000
780.0000
421.0000
825.0000
901.0000
399.0000
137.0000
374.0000
920.0000
163.0000
579.0000
934.0000
35.0000
299.0000
896.0000
99.0000
562.0000
356.0000
586.0000
542.0000
878.0000
274.0000
781.0000
127.0000
941.0000
547.0000
449.0000
346.0000
616.0000
850.0000
983.0000
210.0000
335.0000
344.0000
865.0000
660.0000
391.0000
439.0000
757.0000
963.0000
995.0000
496.0000
251.0000
966.0000
722.0000
953.0000
346.0000
892.0000
594.0000
747.0000
252.0000
50.0000
166.0000
793.0000
795.0000
639.0000
983.0000
82.0000
660.0000
430.0000
512.0000
195.0000
124.0000
386.0000
611.0000
421.0000
162.0000
650.0000
83.0000
669.0000
929.0000
684.0000
675.0000
982.0000
869.0000
634.0000
832.0000
312.0000
841.0000
945.0000
930.0000
202.0000
768.0000
606.0000
526.0000
198.0000
357.0000
716.0000
375.0000
469.0000
729.0000
720.0000
922.0000
76.0000
610.0000
233.0000
967.0000
772.0000
898.0000
824.0000
650.0000
399.0000
146.0000
438.0000
398.0000
606.0000
935.0000
382.0000
974.0000
665.0000
718.0000
318.0000
457.0000
730.0000
18.0000
972.0000
752.0000
7.0000
680.0000
675.0000
594.0000
767.0000
547.0000
661.0000
914.0000
496.0000
635.0000
709.0000
724.0000
307.0000
641.0000
597.0000
108.0000
624.0000
404.0000
